Ticker	AAPL	AMZN	GOOG	META	SPY	TSLA
AAPL	0.003481204541307653	0.0004193801571026743	0.0007589414490416688	8.939733474532152e-06	0.0007844479449759118	0.0031311602830429663
AMZN	0.0004193801571026743	0.004323859486363228	0.002147204953266867	0.004571900403765458	0.001602593613203108	0.00531484767371316
GOOG	0.0007589414490416688	0.002147204953266867	0.004864835640927271	0.001250684234408533	0.0006770990247647488	0.00421396991600346
META	8.939733474532152e-06	0.004571900403765458	0.001250684234408533	0.008958638220772468	0.0023553076999963617	0.0020580003522865722
SPY	0.0007844479449759118	0.001602593613203108	0.0006770990247647488	0.0023553076999963617	0.0012471622644862487	0.0022983103251487573
TSLA	0.0031311602830429663	0.00531484767371316	0.00421396991600346	0.0020580003522865722	0.0022983103251487573	0.025569552223012527
