Ticker	AAPL	AMZN	GOOG	META	SPY	TSLA
AAPL	0.003481206580946526	0.0004193805223734293	0.0007589413651197548	8.943303989155638e-06	0.0007844501802281373	0.0031311636621837516
AMZN	0.0004193805223734293	0.004323859486363228	0.0021472045343289958	0.004571900143883307	0.001602592549812908	0.00531484767371316
GOOG	0.0007589413651197548	0.0021472045343289958	0.004864836339857035	0.0012506796852259923	0.0006770992616043114	0.004213967863068404
META	8.943303989155638e-06	0.004571900143883307	0.0012506796852259923	0.008958639906632974	0.0023553086011990736	0.002057999464151595
SPY	0.0007844501802281373	0.001602592549812908	0.0006770992616043114	0.0023553086011990736	0.0012471626224496003	0.002298308023905975
TSLA	0.0031311636621837516	0.00531484767371316	0.004213967863068404	0.002057999464151595	0.002298308023905975	0.025569552223012527
